WZ
1,52244;
2,17347;
3,34548;
4,43224;
5,18234;
6,43036;
7,35380;
8,61230;
9,24118;
10,37031;
11,35430;
12,43702;
13,10781;
14,40241;
15,21435;
16,42806;
17,25344;
18,50238;
19,32481;
20,41138;
21,29412;
22,32267;
23,29689;
24,24162;
25,27594;
26,20365;
27,19869;
28,11702;
29,52134;
30,46449;
31,39905;
32,48472;
33,52585;
34,28444;
35,34639;
36,22567;
37,56824;
38,10666;
39,22251;
40,32828;
41,40499;
42,35568;
43,50223;
44,27114;
45,13040;
46,40058;
47,23566;
48,54967;
49,30719;
50,38543;
51,33778;
52,20581;
53,4901;
54,35625;
55,35774;
56,50156;
57,26401;
58,28925;
59,36301;
60,31871;
61,26283;
62,36475;
63,12785;
64,32387;
65,18289;
66,50373;
67,53367;
68,49821;
69,38170;
70,47799;
71,29982;
72,20643;
73,42052;
74,27368;
75,16933;
76,15781;
77,25991;
78,32675;
79,45883;
80,30702;
81,39024;
82,15342;
83,16526;
84,40958;
85,24201;
86,34950;
87,57790;
88,34190;
89,11852;
90,36318;
91,28904;
92,12686;
93,42547;
94,7203;
95,28061;
96,48679;
97,49069;
98,30268;
99,40936;
